=== FLUENCY ===
f1: [0.621, 0.601, 0.693, 0.679, 0.67, 0.693, 0.705, 0.716, 0.716, 0.718, 0.715, 0.718, 0.7, 0.715, 0.714, 0.67, 0.679, 0.69, 0.677, 0.657, 0.663, 0.67, 0.646, 0.687, 0.682, 0.66, 0.695, 0.663, 0.678, 0.674, 0.653, 0.677, 0.644, 0.655, 0.663, 0.684, 0.653, 0.666, 0.657, 0.657, 0.66, 0.66, 0.676, 0.666, 0.668, 0.65, 0.66, 0.66, 0.662, 0.662]
accuracy: [0.55, 0.519, 0.656, 0.631, 0.619, 0.656, 0.681, 0.688, 0.694, 0.694, 0.694, 0.694, 0.669, 0.694, 0.688, 0.619, 0.631, 0.644, 0.625, 0.6, 0.613, 0.619, 0.588, 0.637, 0.631, 0.6, 0.65, 0.613, 0.625, 0.631, 0.594, 0.631, 0.581, 0.594, 0.6, 0.637, 0.594, 0.613, 0.6, 0.606, 0.6, 0.6, 0.619, 0.613, 0.619, 0.588, 0.594, 0.594, 0.6, 0.6]
CE_fluency: [1.494, 1.525, 1.387, 1.412, 1.425, 1.387, 1.362, 1.356, 1.35, 1.35, 1.35, 1.35, 1.375, 1.35, 1.356, 1.425, 1.412, 1.4, 1.419, 1.444, 1.431, 1.425, 1.456, 1.406, 1.412, 1.444, 1.394, 1.431, 1.419, 1.412, 1.45, 1.412, 1.462, 1.45, 1.444, 1.406, 1.45, 1.431, 1.444, 1.437, 1.444, 1.444, 1.425, 1.431, 1.425, 1.456, 1.45, 1.45, 1.444, 1.444]

=== COHERENCE ===
f1: [0.233, 0.24, 0.226, 0.216, 0.229, 0.22, 0.2, 0.201, 0.212, 0.223, 0.212, 0.224, 0.226, 0.201, 0.207, 0.208, 0.218, 0.213, 0.23, 0.23, 0.228, 0.238, 0.234, 0.227, 0.225, 0.234, 0.234, 0.214, 0.219, 0.221, 0.214, 0.215, 0.241, 0.226, 0.229, 0.23, 0.215, 0.222, 0.222, 0.229, 0.224, 0.215, 0.237, 0.216, 0.219, 0.229, 0.223, 0.226, 0.229, 0.223]
accuracy: [0.325, 0.331, 0.312, 0.312, 0.325, 0.319, 0.3, 0.306, 0.312, 0.319, 0.312, 0.319, 0.325, 0.3, 0.306, 0.294, 0.306, 0.3, 0.312, 0.319, 0.319, 0.319, 0.325, 0.319, 0.312, 0.325, 0.331, 0.3, 0.3, 0.306, 0.3, 0.306, 0.325, 0.319, 0.319, 0.312, 0.3, 0.312, 0.312, 0.319, 0.312, 0.3, 0.319, 0.306, 0.306, 0.319, 0.306, 0.312, 0.319, 0.312]
CE_coherence: [1.719, 1.712, 1.731, 1.731, 1.719, 1.725, 1.744, 1.737, 1.731, 1.725, 1.731, 1.725, 1.719, 1.744, 1.737, 1.75, 1.737, 1.744, 1.731, 1.725, 1.725, 1.725, 1.719, 1.725, 1.731, 1.719, 1.712, 1.744, 1.744, 1.737, 1.744, 1.737, 1.719, 1.725, 1.725, 1.731, 1.744, 1.731, 1.731, 1.725, 1.731, 1.744, 1.725, 1.737, 1.737, 1.725, 1.737, 1.731, 1.725, 1.731]

=== CONSISTENCY ===
f1: [0.648, 0.776, 0.776, 0.77, 0.781, 0.77, 0.782, 0.782, 0.781, 0.781, 0.78, 0.787, 0.781, 0.783, 0.778, 0.786, 0.789, 0.783, 0.783, 0.767, 0.781, 0.783, 0.793, 0.78, 0.778, 0.791, 0.78, 0.767, 0.78, 0.777, 0.787, 0.781, 0.771, 0.785, 0.782, 0.776, 0.778, 0.795, 0.791, 0.784, 0.773, 0.773, 0.782, 0.772, 0.785, 0.766, 0.761, 0.761, 0.761, 0.761]
accuracy: [0.562, 0.838, 0.812, 0.831, 0.838, 0.825, 0.825, 0.831, 0.831, 0.831, 0.825, 0.838, 0.831, 0.838, 0.825, 0.831, 0.838, 0.831, 0.838, 0.825, 0.831, 0.838, 0.838, 0.825, 0.825, 0.831, 0.825, 0.825, 0.825, 0.819, 0.825, 0.825, 0.812, 0.831, 0.819, 0.819, 0.812, 0.831, 0.831, 0.819, 0.812, 0.819, 0.831, 0.825, 0.825, 0.819, 0.812, 0.812, 0.812, 0.812]
CE_consistency: [1.481, 1.206, 1.231, 1.212, 1.206, 1.219, 1.219, 1.212, 1.212, 1.212, 1.219, 1.206, 1.212, 1.206, 1.219, 1.212, 1.206, 1.212, 1.206, 1.219, 1.212, 1.206, 1.206, 1.219, 1.219, 1.212, 1.219, 1.219, 1.219, 1.225, 1.219, 1.219, 1.231, 1.212, 1.225, 1.225, 1.231, 1.212, 1.212, 1.225, 1.231, 1.225, 1.212, 1.219, 1.219, 1.225, 1.231, 1.231, 1.231, 1.231]

=== RELEVANCE ===
f1: [0.266, 0.301, 0.296, 0.288, 0.299, 0.289, 0.293, 0.31, 0.285, 0.278, 0.271, 0.287, 0.292, 0.289, 0.27, 0.306, 0.287, 0.263, 0.281, 0.278, 0.281, 0.284, 0.312, 0.317, 0.283, 0.302, 0.287, 0.283, 0.305, 0.311, 0.286, 0.308, 0.316, 0.296, 0.295, 0.286, 0.301, 0.296, 0.319, 0.313, 0.292, 0.286, 0.294, 0.288, 0.3, 0.305, 0.311, 0.307, 0.31, 0.287]
accuracy: [0.369, 0.4, 0.388, 0.388, 0.394, 0.375, 0.388, 0.4, 0.375, 0.375, 0.369, 0.388, 0.381, 0.388, 0.362, 0.381, 0.362, 0.338, 0.356, 0.344, 0.35, 0.356, 0.388, 0.388, 0.356, 0.375, 0.362, 0.356, 0.381, 0.381, 0.356, 0.388, 0.388, 0.369, 0.362, 0.362, 0.375, 0.375, 0.4, 0.381, 0.362, 0.356, 0.369, 0.362, 0.375, 0.375, 0.375, 0.369, 0.375, 0.356]
CE_relevance: [1.675, 1.644, 1.656, 1.656, 1.65, 1.669, 1.656, 1.644, 1.669, 1.669, 1.675, 1.656, 1.662, 1.656, 1.681, 1.662, 1.681, 1.706, 1.687, 1.7, 1.694, 1.687, 1.656, 1.656, 1.687, 1.669, 1.681, 1.687, 1.662, 1.662, 1.687, 1.656, 1.656, 1.675, 1.681, 1.681, 1.669, 1.669, 1.644, 1.662, 1.681, 1.687, 1.675, 1.681, 1.669, 1.669, 1.669, 1.675, 1.669, 1.687]

