=== FLUENCY ===
f1: [0.199, 0.18, 0.268, 0.226, 0.106, 0.175, 0.164, 0.126, 0.239, 0.204, 0.109, 0.191, 0.203, 0.146, 0.199, 0.239, 0.181, 0.151, 0.057, 0.149, 0.173, 0.221, 0.18, 0.171, 0.229, 0.219, 0.173, 0.167, 0.214, 0.14]
accuracy: [0.25, 0.231, 0.275, 0.264, 0.146, 0.188, 0.189, 0.136, 0.306, 0.24, 0.18, 0.222, 0.26, 0.189, 0.234, 0.28, 0.224, 0.2, 0.143, 0.191, 0.237, 0.277, 0.22, 0.155, 0.296, 0.281, 0.265, 0.226, 0.244, 0.184]
mean_diff: [np.float64(0.115), np.float64(0.308), np.float64(0.627), np.float64(0.792), np.float64(0.707), np.float64(0.708), np.float64(0.491), np.float64(0.659), np.float64(0.51), np.float64(0.58), np.float64(1.14), np.float64(0.5), np.float64(0.64), np.float64(0.865), np.float64(0.745), np.float64(0.74), np.float64(0.776), np.float64(0.64), np.float64(0.464), np.float64(0.681), np.float64(0.368), np.float64(0.638), np.float64(0.78), np.float64(0.552), np.float64(0.5), np.float64(0.438), np.float64(0.878), np.float64(0.679), np.float64(0.644), np.float64(0.51)]

=== COHERENCE ===
f1: [0.165, 0.027, 0.035, 0.083, 0.049, 0.054, 0.054, 0.085, 0.112, 0.03, 0.075, 0.149, 0.012, 0.018, 0.15, 0.093, 0.147, 0.035, 0.053, 0.138, 0.169, 0.107, 0.109, 0.129, 0.122, 0.073, 0.033, 0.092, 0.078, 0.034]
accuracy: [0.192, 0.103, 0.098, 0.189, 0.098, 0.083, 0.151, 0.068, 0.204, 0.06, 0.1, 0.167, 0.04, 0.081, 0.17, 0.14, 0.204, 0.1, 0.143, 0.17, 0.158, 0.149, 0.146, 0.19, 0.167, 0.188, 0.122, 0.151, 0.2, 0.102]
mean_diff: [np.float64(1.423), np.float64(1.513), np.float64(1.392), np.float64(1.642), np.float64(1.585), np.float64(1.542), np.float64(1.396), np.float64(1.614), np.float64(1.265), np.float64(1.54), np.float64(1.88), np.float64(1.278), np.float64(1.66), np.float64(1.865), np.float64(1.447), np.float64(1.66), np.float64(1.367), np.float64(1.62), np.float64(1.321), np.float64(1.447), np.float64(1.368), np.float64(1.447), np.float64(1.512), np.float64(1.31), np.float64(1.537), np.float64(1.094), np.float64(1.367), np.float64(1.415), np.float64(1.4), np.float64(1.449)]

=== CONSISTENCY ===
f1: [0.235, 0.103, 0.161, 0.124, 0.127, 0.296, 0.154, 0.256, 0.095, 0.112, 0.158, 0.316, 0.163, 0.048, 0.151, 0.14, 0.179, 0.128, 0.076, 0.073, 0.128, 0.232, 0.199, 0.13, 0.168, 0.257, 0.1, 0.219, 0.213, 0.161]
accuracy: [0.192, 0.128, 0.176, 0.17, 0.122, 0.271, 0.132, 0.205, 0.102, 0.1, 0.18, 0.315, 0.16, 0.054, 0.17, 0.18, 0.163, 0.12, 0.107, 0.064, 0.105, 0.234, 0.22, 0.121, 0.167, 0.281, 0.122, 0.208, 0.267, 0.143]
mean_diff: [np.float64(0.846), np.float64(1.026), np.float64(1.098), np.float64(1.34), np.float64(0.854), np.float64(0.833), np.float64(1.094), np.float64(0.955), np.float64(0.816), np.float64(1.04), np.float64(1.18), np.float64(0.833), np.float64(0.86), np.float64(1.568), np.float64(1.085), np.float64(1.14), np.float64(0.837), np.float64(0.64), np.float64(0.75), np.float64(1.043), np.float64(0.789), np.float64(0.979), np.float64(0.951), np.float64(0.638), np.float64(0.852), np.float64(0.594), np.float64(0.898), np.float64(0.792), np.float64(1.067), np.float64(0.776)]

=== RELEVANCE ===
f1: [0.143, 0.042, 0.067, 0.088, 0.005, 0.034, 0.078, 0.132, 0.065, 0.083, 0.014, 0.197, 0.066, 0.036, 0.089, 0.116, 0.1, 0.085, 0.044, 0.089, 0.186, 0.132, 0.094, 0.132, 0.076, 0.101, 0.087, 0.119, 0.106, 0.136]
accuracy: [0.192, 0.103, 0.118, 0.113, 0.049, 0.062, 0.113, 0.182, 0.122, 0.14, 0.08, 0.222, 0.08, 0.027, 0.128, 0.14, 0.143, 0.12, 0.071, 0.106, 0.237, 0.149, 0.122, 0.155, 0.111, 0.125, 0.102, 0.132, 0.111, 0.184]
mean_diff: [np.float64(1.308), np.float64(1.513), np.float64(1.549), np.float64(1.698), np.float64(1.537), np.float64(1.583), np.float64(1.623), np.float64(1.614), np.float64(1.469), np.float64(1.42), np.float64(1.58), np.float64(1.37), np.float64(1.54), np.float64(2.027), np.float64(1.362), np.float64(1.54), np.float64(1.408), np.float64(1.5), np.float64(1.607), np.float64(1.553), np.float64(1.316), np.float64(1.447), np.float64(1.561), np.float64(1.517), np.float64(1.667), np.float64(1.375), np.float64(1.449), np.float64(1.547), np.float64(1.378), np.float64(1.347)]

