=== FLUENCY ===
f1: [0.679, 0.643, 0.643, 0.662, 0.591, 0.591, 0.616, 0.601, 0.595, 0.614, 0.683, 0.653, 0.664, 0.635, 0.643, 0.64, 0.648, 0.683, 0.638, 0.606, 0.362, 0.355, 0.362, 0.37, 0.362, 0.355, 0.37, 0.37, 0.37, 0.378, 0.347, 0.271, 0.314, 0.314, 0.297, 0.314, 0.305, 0.305, 0.305, 0.322, 0.347, 0.33, 0.33, 0.322, 0.289, 0.322, 0.297, 0.322, 0.322, 0.455]
accuracy: [0.631, 0.581, 0.575, 0.6, 0.506, 0.506, 0.537, 0.519, 0.512, 0.544, 0.625, 0.594, 0.606, 0.556, 0.581, 0.569, 0.575, 0.625, 0.562, 0.525, 0.281, 0.275, 0.281, 0.287, 0.281, 0.275, 0.287, 0.287, 0.287, 0.294, 0.269, 0.212, 0.244, 0.244, 0.231, 0.244, 0.237, 0.237, 0.237, 0.25, 0.269, 0.256, 0.256, 0.25, 0.225, 0.25, 0.231, 0.25, 0.25, 0.362]
CE_fluency: [1.412, 1.462, 1.469, 1.444, 1.537, 1.537, 1.506, 1.525, 1.531, 1.5, 1.419, 1.45, 1.437, 1.487, 1.462, 1.475, 1.469, 1.419, 1.481, 1.519, 1.762, 1.769, 1.762, 1.756, 1.762, 1.769, 1.756, 1.756, 1.756, 1.75, 1.775, 1.831, 1.8, 1.8, 1.812, 1.8, 1.806, 1.806, 1.806, 1.794, 1.775, 1.787, 1.787, 1.794, 1.819, 1.794, 1.812, 1.794, 1.794, 1.681]

=== COHERENCE ===
f1: [0.235, 0.241, 0.236, 0.226, 0.237, 0.232, 0.24, 0.236, 0.239, 0.22, 0.226, 0.212, 0.221, 0.225, 0.216, 0.237, 0.219, 0.219, 0.212, 0.228, 0.28, 0.309, 0.277, 0.251, 0.307, 0.312, 0.314, 0.28, 0.279, 0.273, 0.286, 0.298, 0.312, 0.293, 0.269, 0.276, 0.289, 0.283, 0.286, 0.281, 0.29, 0.291, 0.292, 0.284, 0.279, 0.283, 0.271, 0.268, 0.303, 0.329]
accuracy: [0.338, 0.325, 0.319, 0.319, 0.325, 0.319, 0.319, 0.325, 0.331, 0.306, 0.325, 0.3, 0.312, 0.312, 0.306, 0.331, 0.306, 0.312, 0.306, 0.325, 0.331, 0.362, 0.338, 0.3, 0.344, 0.362, 0.356, 0.331, 0.344, 0.319, 0.35, 0.338, 0.369, 0.344, 0.344, 0.331, 0.362, 0.356, 0.356, 0.35, 0.356, 0.362, 0.356, 0.35, 0.331, 0.35, 0.338, 0.331, 0.369, 0.375]
CE_coherence: [1.706, 1.719, 1.725, 1.725, 1.719, 1.725, 1.725, 1.719, 1.712, 1.737, 1.719, 1.744, 1.731, 1.731, 1.737, 1.712, 1.737, 1.731, 1.737, 1.719, 1.712, 1.681, 1.706, 1.744, 1.7, 1.681, 1.687, 1.712, 1.7, 1.725, 1.694, 1.706, 1.675, 1.7, 1.7, 1.712, 1.681, 1.687, 1.687, 1.694, 1.687, 1.681, 1.687, 1.694, 1.712, 1.694, 1.706, 1.712, 1.675, 1.669]

=== CONSISTENCY ===
f1: [0.71, 0.774, 0.786, 0.799, 0.786, 0.786, 0.782, 0.779, 0.77, 0.764, 0.784, 0.795, 0.784, 0.788, 0.792, 0.781, 0.785, 0.792, 0.788, 0.787, 0.722, 0.755, 0.758, 0.739, 0.74, 0.753, 0.771, 0.741, 0.769, 0.756, 0.751, 0.689, 0.736, 0.76, 0.782, 0.758, 0.767, 0.758, 0.755, 0.778, 0.776, 0.762, 0.776, 0.768, 0.731, 0.757, 0.747, 0.762, 0.75, 0.76]
accuracy: [0.65, 0.762, 0.806, 0.838, 0.8, 0.812, 0.8, 0.787, 0.781, 0.794, 0.825, 0.831, 0.812, 0.819, 0.831, 0.819, 0.831, 0.838, 0.844, 0.838, 0.719, 0.769, 0.762, 0.744, 0.725, 0.762, 0.781, 0.744, 0.787, 0.762, 0.762, 0.65, 0.731, 0.756, 0.8, 0.756, 0.775, 0.775, 0.762, 0.794, 0.8, 0.781, 0.794, 0.787, 0.719, 0.769, 0.75, 0.775, 0.756, 0.775]
CE_consistency: [1.394, 1.281, 1.237, 1.206, 1.244, 1.231, 1.244, 1.256, 1.262, 1.25, 1.219, 1.212, 1.231, 1.225, 1.212, 1.225, 1.212, 1.206, 1.2, 1.206, 1.325, 1.275, 1.281, 1.3, 1.319, 1.281, 1.262, 1.3, 1.256, 1.281, 1.281, 1.394, 1.312, 1.287, 1.244, 1.287, 1.269, 1.269, 1.281, 1.25, 1.244, 1.262, 1.25, 1.256, 1.325, 1.275, 1.294, 1.269, 1.287, 1.269]

=== RELEVANCE ===
f1: [0.279, 0.28, 0.292, 0.3, 0.318, 0.295, 0.304, 0.311, 0.29, 0.298, 0.292, 0.301, 0.293, 0.308, 0.31, 0.294, 0.302, 0.294, 0.296, 0.275, 0.347, 0.349, 0.351, 0.339, 0.335, 0.347, 0.349, 0.379, 0.347, 0.381, 0.332, 0.329, 0.357, 0.4, 0.37, 0.36, 0.347, 0.346, 0.358, 0.377, 0.362, 0.339, 0.33, 0.368, 0.4, 0.358, 0.381, 0.341, 0.384, 0.333]
accuracy: [0.381, 0.388, 0.406, 0.412, 0.419, 0.412, 0.406, 0.394, 0.388, 0.388, 0.4, 0.4, 0.394, 0.394, 0.394, 0.388, 0.388, 0.394, 0.381, 0.356, 0.375, 0.375, 0.381, 0.375, 0.356, 0.369, 0.381, 0.4, 0.388, 0.412, 0.369, 0.338, 0.381, 0.419, 0.406, 0.381, 0.375, 0.388, 0.388, 0.419, 0.4, 0.375, 0.362, 0.406, 0.419, 0.388, 0.412, 0.375, 0.419, 0.362]
CE_relevance: [1.662, 1.656, 1.637, 1.631, 1.625, 1.631, 1.637, 1.65, 1.656, 1.656, 1.644, 1.644, 1.65, 1.65, 1.65, 1.656, 1.656, 1.65, 1.662, 1.687, 1.669, 1.669, 1.662, 1.669, 1.687, 1.675, 1.662, 1.644, 1.656, 1.631, 1.675, 1.706, 1.662, 1.625, 1.637, 1.662, 1.669, 1.656, 1.656, 1.625, 1.644, 1.669, 1.681, 1.637, 1.625, 1.656, 1.631, 1.669, 1.625, 1.681]

