=== FLUENCY ===
f1: [0.627, 0.565, 0.557, 0.479, 0.599, 0.54, 0.523, 0.481, 0.505, 0.521, 0.525, 0.563, 0.564, 0.505, 0.368, 0.358, 0.368, 0.283, 0.184, 0.329, 0.269, 0.277, 0.282, 0.365, 0.43, 0.435, 0.458, 0.439, 0.42, 0.448, 0.463, 0.409, 0.453, 0.491, 0.488, 0.464, 0.435, 0.436, 0.48, 0.39, 0.406, 0.452, 0.432, 0.436, 0.411, 0.389, 0.32, 0.283, 0.306, 0.251]
accuracy: [0.569, 0.487, 0.469, 0.381, 0.525, 0.456, 0.431, 0.388, 0.419, 0.431, 0.438, 0.475, 0.475, 0.412, 0.281, 0.269, 0.281, 0.212, 0.156, 0.244, 0.206, 0.212, 0.212, 0.281, 0.338, 0.338, 0.362, 0.331, 0.331, 0.356, 0.369, 0.312, 0.356, 0.396, 0.394, 0.369, 0.344, 0.344, 0.381, 0.287, 0.306, 0.35, 0.331, 0.344, 0.319, 0.294, 0.237, 0.219, 0.225, 0.188]
CE_fluency: [1.475, 1.556, 1.575, 1.662, 1.519, 1.587, 1.612, 1.656, 1.625, 1.612, 1.606, 1.569, 1.569, 1.631, 1.762, 1.775, 1.762, 1.831, 1.887, 1.8, 1.837, 1.831, 1.831, 1.762, 1.706, 1.706, 1.681, 1.712, 1.712, 1.687, 1.675, 1.731, 1.687, 1.647, 1.65, 1.675, 1.7, 1.7, 1.662, 1.756, 1.737, 1.694, 1.712, 1.7, 1.725, 1.75, 1.806, 1.825, 1.819, 1.856]

=== COHERENCE ===
f1: [0.146, 0.134, 0.175, 0.152, 0.169, 0.155, 0.163, 0.141, 0.154, 0.146, 0.212, 0.167, 0.145, 0.158, 0.151, 0.189, 0.154, 0.179, 0.199, 0.177, 0.199, 0.177, 0.169, 0.223, 0.197, 0.2, 0.201, 0.176, 0.202, 0.192, 0.182, 0.205, 0.201, 0.176, 0.189, 0.183, 0.188, 0.19, 0.19, 0.171, 0.187, 0.194, 0.177, 0.18, 0.172, 0.152, 0.17, 0.158, 0.159, 0.149]
accuracy: [0.206, 0.181, 0.231, 0.206, 0.219, 0.206, 0.219, 0.2, 0.206, 0.194, 0.269, 0.225, 0.194, 0.2, 0.219, 0.275, 0.219, 0.256, 0.281, 0.231, 0.263, 0.244, 0.237, 0.287, 0.244, 0.237, 0.244, 0.212, 0.256, 0.231, 0.225, 0.25, 0.25, 0.226, 0.237, 0.225, 0.237, 0.237, 0.237, 0.225, 0.244, 0.244, 0.237, 0.244, 0.237, 0.206, 0.25, 0.237, 0.244, 0.231]
CE_coherence: [1.837, 1.862, 1.812, 1.837, 1.825, 1.837, 1.825, 1.844, 1.837, 1.85, 1.775, 1.819, 1.85, 1.844, 1.825, 1.769, 1.825, 1.787, 1.762, 1.812, 1.781, 1.8, 1.806, 1.756, 1.8, 1.806, 1.8, 1.831, 1.787, 1.812, 1.819, 1.794, 1.794, 1.817, 1.806, 1.819, 1.806, 1.806, 1.806, 1.819, 1.8, 1.8, 1.806, 1.8, 1.806, 1.837, 1.794, 1.806, 1.8, 1.812]

=== CONSISTENCY ===
f1: [0.624, 0.592, 0.574, 0.485, 0.57, 0.549, 0.562, 0.487, 0.51, 0.531, 0.529, 0.567, 0.58, 0.512, 0.355, 0.396, 0.352, 0.367, 0.48, 0.532, 0.49, 0.499, 0.471, 0.692, 0.718, 0.744, 0.719, 0.7, 0.728, 0.71, 0.708, 0.734, 0.67, 0.732, 0.713, 0.741, 0.482, 0.47, 0.495, 0.464, 0.49, 0.481, 0.462, 0.439, 0.463, 0.446, 0.365, 0.299, 0.313, 0.298]
accuracy: [0.569, 0.506, 0.481, 0.388, 0.481, 0.463, 0.463, 0.381, 0.425, 0.431, 0.444, 0.469, 0.487, 0.419, 0.25, 0.3, 0.256, 0.275, 0.375, 0.45, 0.4, 0.406, 0.375, 0.669, 0.706, 0.713, 0.694, 0.675, 0.725, 0.7, 0.688, 0.725, 0.637, 0.723, 0.7, 0.725, 0.375, 0.375, 0.388, 0.362, 0.388, 0.381, 0.344, 0.331, 0.344, 0.338, 0.269, 0.212, 0.225, 0.212]
CE_consistency: [1.475, 1.537, 1.562, 1.656, 1.562, 1.581, 1.581, 1.662, 1.619, 1.612, 1.6, 1.575, 1.556, 1.625, 1.794, 1.744, 1.787, 1.769, 1.669, 1.594, 1.644, 1.637, 1.669, 1.375, 1.337, 1.331, 1.35, 1.369, 1.319, 1.344, 1.356, 1.319, 1.406, 1.32, 1.344, 1.319, 1.669, 1.669, 1.656, 1.681, 1.656, 1.662, 1.7, 1.712, 1.7, 1.706, 1.775, 1.831, 1.819, 1.831]

=== RELEVANCE ===
f1: [0.214, 0.229, 0.274, 0.28, 0.282, 0.289, 0.285, 0.287, 0.209, 0.278, 0.254, 0.251, 0.269, 0.277, 0.334, 0.311, 0.273, 0.263, 0.278, 0.255, 0.249, 0.257, 0.248, 0.292, 0.322, 0.311, 0.323, 0.318, 0.299, 0.312, 0.333, 0.317, 0.344, 0.272, 0.319, 0.285, 0.303, 0.315, 0.281, 0.306, 0.286, 0.288, 0.285, 0.331, 0.311, 0.287, 0.267, 0.289, 0.3, 0.267]
accuracy: [0.331, 0.338, 0.35, 0.344, 0.35, 0.375, 0.356, 0.35, 0.269, 0.344, 0.331, 0.325, 0.344, 0.344, 0.4, 0.381, 0.331, 0.319, 0.338, 0.312, 0.3, 0.312, 0.3, 0.35, 0.381, 0.356, 0.388, 0.369, 0.356, 0.369, 0.394, 0.369, 0.388, 0.327, 0.388, 0.344, 0.356, 0.362, 0.338, 0.356, 0.338, 0.344, 0.344, 0.4, 0.381, 0.35, 0.325, 0.356, 0.369, 0.331]
CE_relevance: [1.712, 1.706, 1.694, 1.7, 1.694, 1.669, 1.687, 1.694, 1.775, 1.7, 1.712, 1.719, 1.7, 1.7, 1.644, 1.662, 1.712, 1.725, 1.706, 1.731, 1.744, 1.731, 1.744, 1.694, 1.662, 1.687, 1.656, 1.675, 1.687, 1.675, 1.65, 1.675, 1.656, 1.717, 1.656, 1.7, 1.687, 1.681, 1.706, 1.687, 1.706, 1.7, 1.7, 1.644, 1.662, 1.694, 1.719, 1.687, 1.675, 1.712]

