=== FLUENCY ===
f1: [0.663, 0.237, 0.215, 0.251, 0.311, 0.107, 0.084, 0.06, 0.039, 0.038, 0.092, 0.047, 0.068, 0.147, 0.074, 0.098, 0.014, 0.064, 0.036, 0.031, 0.036, 0.059, 0.045, 0.011, 0.092, 0.106, 0.113, 0.073, 0.034, 0.081, 0.037, 0.058, 0.046, 0.012, 0.015, 0.023, 0.011, 0.011, 0.061, 0.011, 0.062, 0.011, 0.012, 0.025, 0.037, 0.012, 0.078, 0.084, 0.072, 0.093]
accuracy: [0.625, 0.194, 0.175, 0.188, 0.231, 0.113, 0.1, 0.087, 0.081, 0.081, 0.1, 0.075, 0.081, 0.131, 0.094, 0.113, 0.062, 0.081, 0.075, 0.069, 0.069, 0.087, 0.075, 0.062, 0.1, 0.106, 0.113, 0.1, 0.069, 0.094, 0.081, 0.087, 0.081, 0.062, 0.069, 0.069, 0.062, 0.062, 0.087, 0.062, 0.094, 0.062, 0.062, 0.069, 0.075, 0.062, 0.094, 0.1, 0.094, 0.106]
CE_fluency: [1.419, 1.85, 1.869, 1.856, 1.812, 1.931, 1.944, 1.956, 1.962, 1.962, 1.944, 1.968, 1.962, 1.912, 1.95, 1.931, 1.981, 1.962, 1.969, 1.975, 1.975, 1.956, 1.969, 1.981, 1.944, 1.937, 1.931, 1.944, 1.975, 1.95, 1.962, 1.956, 1.962, 1.981, 1.975, 1.975, 1.981, 1.981, 1.956, 1.981, 1.95, 1.981, 1.981, 1.975, 1.968, 1.981, 1.95, 1.944, 1.95, 1.937]

=== COHERENCE ===
f1: [0.149, 0.092, 0.113, 0.143, 0.157, 0.149, 0.155, 0.145, 0.151, 0.188, 0.153, 0.192, 0.155, 0.191, 0.172, 0.163, 0.129, 0.155, 0.197, 0.156, 0.156, 0.191, 0.181, 0.173, 0.205, 0.142, 0.178, 0.176, 0.163, 0.188, 0.164, 0.179, 0.193, 0.183, 0.165, 0.203, 0.164, 0.194, 0.198, 0.18, 0.18, 0.195, 0.163, 0.18, 0.201, 0.197, 0.14, 0.158, 0.144, 0.151]
accuracy: [0.244, 0.181, 0.163, 0.212, 0.237, 0.237, 0.225, 0.194, 0.2, 0.231, 0.2, 0.258, 0.206, 0.256, 0.244, 0.237, 0.206, 0.219, 0.275, 0.231, 0.231, 0.275, 0.244, 0.225, 0.281, 0.212, 0.256, 0.25, 0.256, 0.269, 0.263, 0.256, 0.275, 0.269, 0.237, 0.281, 0.237, 0.263, 0.263, 0.263, 0.263, 0.281, 0.219, 0.25, 0.277, 0.256, 0.231, 0.287, 0.244, 0.263]
CE_coherence: [1.8, 1.862, 1.881, 1.831, 1.806, 1.806, 1.819, 1.85, 1.844, 1.812, 1.844, 1.786, 1.837, 1.787, 1.8, 1.806, 1.837, 1.825, 1.769, 1.812, 1.812, 1.769, 1.8, 1.819, 1.762, 1.831, 1.787, 1.794, 1.787, 1.775, 1.781, 1.787, 1.769, 1.775, 1.806, 1.762, 1.806, 1.781, 1.781, 1.781, 1.781, 1.762, 1.825, 1.794, 1.767, 1.787, 1.812, 1.756, 1.8, 1.781]

=== CONSISTENCY ===
f1: [0.692, 0.214, 0.199, 0.223, 0.314, 0.073, 0.075, 0.039, 0.035, 0.034, 0.086, 0.04, 0.074, 0.169, 0.119, 0.128, 0.051, 0.074, 0.063, 0.063, 0.062, 0.085, 0.108, 0.106, 0.238, 0.266, 0.319, 0.258, 0.269, 0.272, 0.257, 0.3, 0.248, 0.297, 0.28, 0.298, 0.295, 0.296, 0.251, 0.341, 0.295, 0.264, 0.358, 0.367, 0.325, 0.343, 0.258, 0.177, 0.247, 0.191]
accuracy: [0.656, 0.163, 0.15, 0.169, 0.231, 0.069, 0.075, 0.056, 0.056, 0.056, 0.081, 0.057, 0.075, 0.125, 0.1, 0.106, 0.062, 0.075, 0.069, 0.069, 0.069, 0.081, 0.094, 0.094, 0.175, 0.194, 0.231, 0.188, 0.194, 0.194, 0.188, 0.219, 0.175, 0.212, 0.2, 0.219, 0.212, 0.219, 0.181, 0.25, 0.212, 0.188, 0.256, 0.269, 0.239, 0.25, 0.188, 0.138, 0.181, 0.144]
CE_consistency: [1.387, 1.881, 1.894, 1.875, 1.812, 1.975, 1.969, 1.987, 1.987, 1.987, 1.962, 1.987, 1.969, 1.919, 1.944, 1.937, 1.981, 1.969, 1.975, 1.975, 1.975, 1.962, 1.95, 1.95, 1.869, 1.85, 1.812, 1.856, 1.85, 1.85, 1.856, 1.825, 1.869, 1.831, 1.844, 1.825, 1.831, 1.825, 1.862, 1.794, 1.831, 1.856, 1.787, 1.775, 1.805, 1.794, 1.856, 1.906, 1.862, 1.9]

=== RELEVANCE ===
f1: [0.253, 0.221, 0.292, 0.288, 0.27, 0.237, 0.256, 0.3, 0.286, 0.29, 0.29, 0.309, 0.319, 0.275, 0.3, 0.322, 0.243, 0.294, 0.28, 0.251, 0.264, 0.253, 0.335, 0.293, 0.273, 0.251, 0.314, 0.257, 0.298, 0.319, 0.267, 0.283, 0.286, 0.281, 0.277, 0.307, 0.3, 0.313, 0.323, 0.251, 0.286, 0.278, 0.273, 0.3, 0.273, 0.264, 0.267, 0.203, 0.253, 0.261]
accuracy: [0.381, 0.331, 0.362, 0.362, 0.356, 0.344, 0.356, 0.369, 0.356, 0.356, 0.35, 0.377, 0.381, 0.338, 0.375, 0.4, 0.325, 0.356, 0.344, 0.331, 0.338, 0.325, 0.406, 0.356, 0.331, 0.306, 0.375, 0.312, 0.369, 0.388, 0.338, 0.35, 0.356, 0.344, 0.338, 0.362, 0.356, 0.369, 0.388, 0.312, 0.344, 0.331, 0.331, 0.356, 0.333, 0.319, 0.338, 0.306, 0.338, 0.356]
CE_relevance: [1.662, 1.712, 1.681, 1.681, 1.687, 1.7, 1.687, 1.675, 1.687, 1.687, 1.694, 1.666, 1.662, 1.706, 1.669, 1.644, 1.719, 1.687, 1.7, 1.712, 1.706, 1.719, 1.637, 1.687, 1.712, 1.737, 1.669, 1.731, 1.675, 1.656, 1.706, 1.694, 1.687, 1.7, 1.706, 1.681, 1.687, 1.675, 1.656, 1.731, 1.7, 1.712, 1.712, 1.687, 1.71, 1.725, 1.706, 1.737, 1.706, 1.687]

