=== FLUENCY ===
f1: [0.198, 0.207, 0.225, 0.205, 0.209, 0.231, 0.241, 0.184, 0.188, 0.162, 0.163, 0.203, 0.178, 0.191, 0.176, 0.169, 0.212, 0.187, 0.212, 0.206, 0.235, 0.207, 0.172, 0.187, 0.215, 0.191, 0.187, 0.174, 0.197, 0.188, 0.172, 0.199, 0.188, 0.181, 0.212, 0.203, 0.208, 0.21, 0.224, 0.157, 0.224, 0.234, 0.197, 0.199, 0.213, 0.2, 0.203, 0.192, 0.211, 0.199]
accuracy: [0.25, 0.26, 0.31, 0.31, 0.31, 0.33, 0.35, 0.23, 0.24, 0.22, 0.2, 0.25, 0.22, 0.22, 0.2, 0.2, 0.24, 0.23, 0.26, 0.27, 0.29, 0.26, 0.22, 0.23, 0.27, 0.25, 0.23, 0.21, 0.255, 0.23, 0.2, 0.24, 0.23, 0.23, 0.27, 0.268, 0.27, 0.27, 0.29, 0.2, 0.28, 0.3, 0.26, 0.263, 0.268, 0.26, 0.25, 0.25, 0.27, 0.26]
CE_fluency: [1.794, 1.784, 1.734, 1.734, 1.734, 1.714, 1.694, 1.814, 1.804, 1.824, 1.844, 1.794, 1.824, 1.824, 1.844, 1.844, 1.804, 1.814, 1.784, 1.774, 1.754, 1.784, 1.824, 1.814, 1.774, 1.794, 1.814, 1.834, 1.788, 1.814, 1.844, 1.804, 1.814, 1.814, 1.774, 1.776, 1.774, 1.774, 1.754, 1.844, 1.764, 1.744, 1.784, 1.781, 1.776, 1.784, 1.794, 1.794, 1.774, 1.784]

=== CONSISTENCY ===
f1: [0.168, 0.186, 0.228, 0.218, 0.21, 0.219, 0.235, 0.19, 0.156, 0.166, 0.168, 0.188, 0.172, 0.191, 0.152, 0.176, 0.193, 0.196, 0.174, 0.184, 0.166, 0.176, 0.206, 0.17, 0.212, 0.215, 0.196, 0.177, 0.17, 0.185, 0.172, 0.156, 0.16, 0.184, 0.204, 0.207, 0.186, 0.195, 0.166, 0.16, 0.223, 0.223, 0.206, 0.22, 0.201, 0.198, 0.208, 0.204, 0.189, 0.192]
accuracy: [0.19, 0.27, 0.38, 0.37, 0.35, 0.36, 0.36, 0.25, 0.21, 0.18, 0.19, 0.21, 0.21, 0.22, 0.18, 0.21, 0.24, 0.23, 0.21, 0.22, 0.2, 0.21, 0.25, 0.2, 0.27, 0.26, 0.24, 0.22, 0.214, 0.21, 0.21, 0.19, 0.19, 0.24, 0.26, 0.268, 0.24, 0.25, 0.21, 0.2, 0.29, 0.26, 0.25, 0.263, 0.247, 0.26, 0.26, 0.26, 0.23, 0.24]
CE_consistency: [1.854, 1.774, 1.664, 1.674, 1.694, 1.684, 1.684, 1.794, 1.834, 1.864, 1.854, 1.834, 1.834, 1.824, 1.864, 1.834, 1.804, 1.814, 1.834, 1.824, 1.844, 1.834, 1.794, 1.844, 1.774, 1.784, 1.804, 1.824, 1.829, 1.834, 1.834, 1.854, 1.854, 1.804, 1.784, 1.776, 1.804, 1.794, 1.834, 1.844, 1.754, 1.784, 1.794, 1.781, 1.796, 1.784, 1.784, 1.784, 1.814, 1.804]

=== RELEVANCE ===
f1: [0.06, 0.1, 0.076, 0.076, 0.028, 0.112, 0.086, 0.122, 0.13, 0.157, 0.143, 0.121, 0.138, 0.084, 0.169, 0.135, 0.066, 0.128, 0.16, 0.152, 0.141, 0.129, 0.146, 0.132, 0.129, 0.112, 0.117, 0.147, 0.114, 0.152, 0.116, 0.18, 0.138, 0.163, 0.158, 0.116, 0.143, 0.141, 0.133, 0.15, 0.148, 0.146, 0.168, 0.139, 0.157, 0.146, 0.126, 0.157, 0.149, 0.131]
accuracy: [0.1, 0.14, 0.13, 0.11, 0.09, 0.15, 0.13, 0.17, 0.17, 0.24, 0.22, 0.16, 0.2, 0.12, 0.22, 0.19, 0.11, 0.18, 0.24, 0.23, 0.21, 0.19, 0.22, 0.2, 0.19, 0.16, 0.16, 0.23, 0.143, 0.22, 0.17, 0.26, 0.21, 0.25, 0.22, 0.165, 0.22, 0.21, 0.2, 0.21, 0.23, 0.23, 0.24, 0.212, 0.227, 0.21, 0.2, 0.22, 0.24, 0.19]
CE_relevance: [1.944, 1.904, 1.914, 1.934, 1.954, 1.894, 1.914, 1.874, 1.874, 1.804, 1.824, 1.884, 1.844, 1.924, 1.824, 1.854, 1.934, 1.864, 1.804, 1.814, 1.834, 1.854, 1.824, 1.844, 1.854, 1.884, 1.884, 1.814, 1.901, 1.824, 1.874, 1.784, 1.834, 1.794, 1.824, 1.879, 1.824, 1.834, 1.844, 1.834, 1.814, 1.814, 1.804, 1.831, 1.817, 1.834, 1.844, 1.824, 1.804, 1.854]

=== COHERENCE ===
f1: [0.075, 0.073, 0.029, 0.04, 0.022, 0.037, 0.009, 0.044, 0.065, 0.036, 0.034, 0.076, 0.048, 0.077, 0.056, 0.057, 0.048, 0.084, 0.033, 0.068, 0.076, 0.043, 0.062, 0.084, 0.04, 0.057, 0.077, 0.039, 0.04, 0.058, 0.061, 0.058, 0.043, 0.055, 0.034, 0.059, 0.049, 0.053, 0.062, 0.065, 0.025, 0.049, 0.037, 0.056, 0.058, 0.061, 0.025, 0.075, 0.029, 0.054]
accuracy: [0.1, 0.14, 0.05, 0.05, 0.03, 0.06, 0.02, 0.09, 0.11, 0.08, 0.08, 0.13, 0.1, 0.09, 0.08, 0.08, 0.05, 0.07, 0.07, 0.12, 0.11, 0.1, 0.1, 0.13, 0.09, 0.1, 0.11, 0.08, 0.071, 0.09, 0.1, 0.13, 0.1, 0.09, 0.07, 0.082, 0.07, 0.08, 0.1, 0.11, 0.05, 0.09, 0.08, 0.091, 0.093, 0.09, 0.06, 0.09, 0.07, 0.08]
CE_coherence: [1.944, 1.904, 1.994, 1.994, 2.014, 1.984, 2.024, 1.954, 1.934, 1.964, 1.964, 1.914, 1.944, 1.954, 1.964, 1.964, 1.994, 1.974, 1.974, 1.924, 1.934, 1.944, 1.944, 1.914, 1.954, 1.944, 1.934, 1.964, 1.972, 1.954, 1.944, 1.914, 1.944, 1.954, 1.974, 1.961, 1.974, 1.964, 1.944, 1.934, 1.994, 1.954, 1.964, 1.953, 1.951, 1.954, 1.984, 1.954, 1.974, 1.964]

